Z = 688

X [*] :=
1   5
2  19
3  15
4  15
5  24
6  10
;

Y [*] :=
1  12
2  12
3  12
4  24
5  12
6  12
;

Aij [*,*]
:   1   2   3   4   5   6    :=
1   1   1   1   0   1   1
2   0   1   0   0   1   0
3   0   1   1   0   1   0
4   0   0   0   1   0   0
5   0   0   0   0   1   0
6   0   1   1   0   1   0
;

Bij [*,*]
:   1   2   3   4   5   6    :=
1   1   0   0   1   0   0
2   0   1   0   1   0   0
3   0   0   1   1   0   0
4   0   0   0   1   0   0
5   0   0   0   1   1   0
6   0   0   0   1   0   0
;

dx [*,*]
:   1   2    3    4    5    6     :=
1   0   14   10   10   19    5
2   0    0    4    4    5    9
3   0    0    0    0    9    5
4   0    0    0    0    9    5
5   0    0    0    0    0   14
6   0    0    0    0    0    0
;

dy [*,*]
:   1   2   3   4    5    6     :=
1   0   0   0   12    0    0
2   0   0   0   12    0    0
3   0   0   0   12    0    0
4   0   0   0    0   12   12
5   0   0   0    0    0    0
6   0   0   0    0    0    0
;

c [*,*]
:   1   2   3   4   5   6    :=
1   0   4   5   2   3   6
2   4   0   4   3   5   3
3   5   4   0   4   7   8
4   2   3   4   0   3   3
5   3   5   7   3   0   5
6   6   3   8   3   5   0
;

