Z = 726

X [*] :=
1   8.5
2   9
3  13
4  17.5
5   4.5
6  13
;

Y [*] :=
1   0
2  12
3  12
4  12
5  12
6   0
;

Aij [*,*]
:   1   2   3   4   5   6    :=
1   1   0   0   0   0   1
2   0   1   1   1   0   0
3   0   0   1   1   0   0
4   0   0   0   1   0   0
5   0   1   1   1   1   0
6   0   0   0   0   0   0
;

Bij [*,*]
:   1   2   3   4   5   6    :=
1   1   1   1   1   1   0
2   0   1   0   0   0   0
3   0   0   1   0   0   0
4   0   0   0   1   0   0
5   0   0   0   0   1   0
6   0   1   1   1   1   0
;

dx [*,*]
:   1    2     3     4     5      6     :=
1   0   0.5   4.5   9      4     4.5
2   0   0     4     8.5    4.5   4
3   0   0     0     4.5    8.5   0
4   0   0     0     0     13     4.5
5   0   0     0     0      0     8.5
6   0   0     0     0      0     0
;

dy [*,*]
:   1   2    3    4    5    6     :=
1   0   12   12   12   12    0
2   0    0    0    0    0   12
3   0    0    0    0    0   12
4   0    0    0    0    0   12
5   0    0    0    0    0   12
6   0    0    0    0    0    0
;

