Z = 744

X [*] :=
1   2
2   6
3  10
4   5
5  10
6  15
;

Y [*] :=
1  12
2  12
3  12
4  24
5  24
6  12
;

Aij [*,*]
:   1   2   3   4   5   6    :=
1   1   1   1   0   0   1
2   0   1   1   0   0   1
3   0   0   1   0   0   1
4   0   0   0   1   1   0
5   0   0   0   0   1   0
6   0   0   0   0   0   0
;

Bij [*,*]
:   1   2   3   4   5   6    :=
1   1   0   0   1   1   0
2   0   1   0   1   1   0
3   0   0   1   1   1   0
4   0   0   0   1   0   0
5   0   0   0   0   1   0
6   0   0   0   1   1   0
;

dx [*,*]
:   1   2   3   4   5   6     :=
1   0   4   8   3   8   13
2   0   0   4   1   4    9
3   0   0   0   5   0    5
4   0   0   0   0   5   10
5   0   0   0   0   0    5
6   0   0   0   0   0    0
;

dy [*,*]
:   1   2   3   4    5    6     :=
1   0   0   0   12   12    0
2   0   0   0   12   12    0
3   0   0   0   12   12    0
4   0   0   0    0    0   12
5   0   0   0    0    0   12
6   0   0   0    0    0    0
;

